    unsorted:	 5140.949219 12084.55945 169169.1466 343516.3827 1555968.107
      sorted:	 5140.949219 12084.55945 169169.1466 343516.3827 1555968.107
